Sequence
CCTCATTGATAAATTTAGCCGGAAAGGGTGGTTTTTAGCCCGA
GAGTAGATTTAGTTTGTCCCAATTCTGCGAACTCCGGC
ATAAGTGAGGAAGTTTCCATTAAACGGGTAAAGTAATACTTACTAATGAGGTTAAAGGGATGTCCATTTTGACGGGCCAAC
TTATATTTCAGAGCTAAGTTGTAGCGCTCATTCTGACCTGAAAG
ACGTGGCGAGAAAGATGGCCCAAAGAATCTTTTCATGCTCCATGTTACTGTGTCGAATGGTCAATCATCGCC
AAGCCTTTGACCCTATACGTAATTGTACCA
GGCTACAGAGGCTTAGACTTTTTCAT
ATAAATTATTCAACCGTTAGGTGAAGAATAATAATTTTTTCACGTT
CGGGATACGAGGGTAGCAACGGTACGCAGGCCAC
ACCGTCGAATCGATGAACTACCCCGGTTGATAATAACATAACTGAACAATATT
ACCGCCGACAGCCCTCATAGTTCCTGTAGTTGTAAA
TTTTTTGTTAGAGCTGCGCGTGTGCTTTAGAACCCCAAATCACCATCAATATGA
TTGGCAGTTTTATAATATTCGTGCAGGGAGTTAAAGGCCG
CGGTTTAGAAAATCTCCAAAAGAGTCTGGAGCAAACAAGA
AAGATTAATCTGGTGCGGTCAATTTTTTATTTAAACATTCCACA
CCTTTACAAGAACCCAAACGGGGACGACGCCAGCTTTCCGTAATTC
TCAAGAGAAGGATTAGGAGGGCAAAGCGCCATTCGCCATAGGCTGA
ATTTTGTTAATCATCAACATCAGAAC
GCGAACCAAGGTTAAATACCGAGAGAGAATCAGAAAAGCCCCTTTAAC
GAACGCCATCAAAAATAATGTGGGAAACCAGCAGAAAGGA
GCACCGCTTCTGGTGCCGGGCGATCGAACAATATAAAGTACGGAATC
CAGAATGGAAAGCGCAGTCTATATTCAGCCAGCATTGACAG
ATTAATTGATGCTGCGTCTCGTCGCTG
TTTCATTTTAACGGGGTCAGTGTGTACTGAACAGCGAGCAGTTGTCTGAG
ATTGAGGTCCCGACATAGCAAGTTTATCGTGCGGGTCCCAGTCACGACGTTGTAAAAACA
TCCGGCCAGAGCTGGTCAGCAGCAACATATATGAGAATCCATCTTCTATAAGAATAAACACCCGACAA
ATAATCCTTGAATACCAAGTTACAAAATGGCAATTCCAGAAGAAACAAAAGCCGCCCAAACAAATAAATCCTCAT
AAACGACGGCCATTTGTGACCTTTAGCATAGCGCAGTACAGTTATTAACGGCTG
CTTACCACAACGCCACGCAGAGTAATAAGT
ATATGAATTCATTGAAAAATCCTGCGGGCAGTGCTCACAGAGTGA
AGGCCGATAGTAAAATGTTTAGTTTGCCAGAGGGGGTA
CGACTTGGCAAGGCGAGGTGTATCCCACCAACGGCAGC
TCCCTCAGAGCCGCCACCCTCAGAGCGCAACCAGCCCACCACCGGAACCGCCGACAGC
ATCCCCCCGGAATCGTCATAAAT
GGTGGTGCCCCAGCATTCCTTTGATATCAAAATTATTTGAATAT
TTTCCGTAATTCGAGCTTCAAATTCAAATAAGCAAAGCGGATTGCATCAAAAAGATTTT
AATTACGAGGGCAGATACGGAACAGTAACAACACCACG
ATTGCGTTGCGCTCGCCAGCTGGCTTGATTT
CATACATCATAAGGATGAACGGTGTACAGACCACGCCAT
TGGGAATTTGCGGTTAGTCAGATCGCGTTT
ATAAAGTAGCTCGAATTCGTAGCGGTGCGAACTAACATAACGCC
GGCGCATAGGCTAATCAACACATTATGTTACCTTTACACTTTGAGGG
GAGGTCATTTTTGCGGTTGCTCCGATGGTTATGCGAT
